10 10 24 50
0 5 M
3 3 M
0 9 M
8 2 M
8 7 M
7 4 M
7 2 M
7 3 M
2 9 W
7 0 W
5 8 W
3 2 W
9 7 W
6 3 W
6 1 W
8 9 W
4 4 F
1 8 F
0 3 F
9 1 F
6 4 F
2 3 F
2 8 F
4 3 F
3 1 A AR
2 6 A AR
3 6 A AR
4 9 A AR
8 2 A AR
5 3 A AR
4 4 A AR
9 8 A AR
4 6 A AR
0 7 A AR
6 7 A FT
2 0 A FT
7 6 A FT
9 3 A FT
3 2 A FT
9 0 A FT
3 0 A FT
7 4 A FT
0 1 A FT
0 3 A FT
8 9 A KN
0 4 A KN
1 6 A KN
2 3 A KN
5 0 A KN
8 3 B AR
5 2 B AR
5 5 B AR
0 9 B AR
5 7 B AR
1 1 B AR
7 3 B AR
7 5 B AR
2 9 B AR
3 8 B AR
0 6 B FT
6 6 B FT
2 1 B FT
7 9 B FT
8 7 B FT
9 2 B FT
7 7 B FT
0 5 B FT
1 0 B FT
7 1 B FT
8 8 B KN
3 5 B KN
8 6 B KN
4 1 B KN
4 5 B KN
8 7 3 0 7
1 6 6 4 4 3 0 4
3 8 4 9 4 1 4 0 4
1 6 8 3 0 3
8 6 9 9 9 9 8 4 9 1 8 0 1
1 1 1 1 9 9 0 6
4 1 3 2 6 7 0 1
9 0 2 0 6
8 3 3 2 2 7 0 9
0 4 6 0 3
6 6 0 3
2 3 6 7 6 2 0 4
3 5 2 1 9 0 1
4 6 8 0 2
0 9 2 1 3 0 4
3 1 4 0 8
8 7 6 0 4
7 6 8 0 7
6 6 9 0 3
9 0 1 0 8
4 1 0 4
5 3 6 2 0 4
5 5 9 1 0 1
0 4 1 9 7 2 1 0 3
5 5 0 6
4 9 0 8
8 8 9 9 0 3
4 9 9 9 8 6 6 6 0 1
3 5 4 0 3
5 3 3 4 0 2
3 5 2 1 1 4 7 7 3 8 1 3 4 3 0 4
9 3 6 0 7
7 6 1 9 0 1
1 6 8 0 8
7 3 3 2 3 0 2
9 8 0 6
4 5 4 6 9 4 0 1
0 3 0 7
5 2 7 0 1
1 6 1 6 9 2 0 9
4 5 2 6 7 0 4
4 9 4 7 6 3 1 0 7
4 5 6 8 7 7 1 0 3
9 8 7 6 9 1 6 0 6
8 3 1 2 8 4 0 1
5 0 2 7 8 9 0 2
4 1 7 0 2
4 9 9 2 2 0 7
3 8 2 4 9 0 3
2 3 8 6 0 4
4 1 4 7 9 7 1 0 4
0 4 4 0 3
3 5 9 9 8 6 1 9 0 6
9 8 6 3 6 7 0 3
0 5 4 2 8 1 4 0 6
2 3 2 0 8
0 5 1 4 0 9
9 0 0 8
7 1 4 3 0 2
4 9 8 0 2
2 1 6 0 7
0 3 3 0 6
6 6 8 4 4 9 8 0 7
2 3 7 4 4 9 1 4 1 0 9
3 8 9 8 7 3 6 0 9
7 6 6 3 1 0 2
7 3 1 6 0 9
0 1 9 4 8 8 8 6 6 3 0 4
8 8 9 7 4 6 4 9 9 6 0 2
4 9 9 7 4 0 7
5 2 6 1 4 1 4 6 0 9
8 2 0 1
5 2 3 6 2 0 4
7 6 3 0 2
0 9 6 0 6
4 5 6 2 0 8
7 7 8 2 4 1 0 6
2 3 0 2
4 1 0 9
9 0 9 0 6
8 8 1 0 1
2 3 6 6 6 4 6 0 6
3 6 8 8 6 0 3
7 6 8 3 0 6
7 1 9 6 4 9 0 6
9 8 9 3 1 2 7 7 9 0 4
7 1 2 0 6
8 2 2 0 2
8 8 7 9 0 6
9 3 3 1 2 2 1 6 1 4 4 0 7
3 8 7 0 8
9 3 6 1 7 1 0 4
2 1 8 3 9 9 6 3 0 6
0 3 8 0 4
7 1 1 6 3 2 4 8 4 1 8 0 2
7 6 4 2 1 6 4 7 7 6 4 4 9 0 2
0 9 1 3 0 2
2 3 0 4
7 1 8 9 1 6 0 2
4 9 8 3 8 9 0 1
4 1 0 7
2 3 6 3 9 0 4
8 8 2 9 4 0 3
8 2 9 0 6
3 5 0 8
2 3 0 1
3 8 0 7
8 2 0 8
8 8 3 6 7 4 2 8 0 9
8 2 0 8
4 1 0 9
8 2 0 9
1 0 6 6 1 8 6 4 4 0 4
4 9 0 7
2 1 7 7 4 7 8 0 4
0 3 7 1 6 9 0 3
5 5 8 3 9 8 1 0 3
9 0 6 1 1 0 6
5 5 0 9
2 3 2 7 7 9 0 2
3 8 8 8 3 9 6 7 6 0 2
9 8 9 6 4 7 7 1 0 8
3 8 9 3 8 2 9 0 1
8 2 3 6 6 1 7 6 6 0 3
8 3 2 4 6 6 0 3
0 1 2 7 0 2
8 3 0 4
9 8 3 8 2 3 1 0 3
8 8 9 2 0 7
9 3 4 8 6 6 0 3
3 8 6 0 7
9 0 0 2
2 3 9 7 4 8 0 9
5 2 9 8 0 8
0 9 7 7 6 0 1
0 3 2 6 8 8 8 4 0 4
1 0 8 0 1
9 3 9 0 1
0 9 0 1
4 9 9 4 8 0 4
3 6 4 2 0 9
0 3 4 0 2
1 0 4 4 0 9
4 9 2 8 6 7 9 1 4 1 0 9
8 8 2 1 0 6
0 1 6 6 1 2 9 3 8 6 0 1
8 7 1 4 3 0 2
5 2 0 4
7 1 1 8 1 9 3 3 8 9 9 1 0 8
9 8 2 3 8 6 8 7 1 3 3 9 3 2 4 0 2
7 3 4 3 3 1 2 7 0 1
5 2 4 0 4
7 3 2 6 7 1 7 2 9 7 4 3 1 2 0 4
9 3 7 0 6
0 5 7 0 7
9 3 2 0 7
3 8 9 0 7
4 9 0 8
3 5 0 9
9 8 0 3
8 7 3 2 1 9 7 7 8 6 6 2 4 4 6 2 3 2 3 9 4 0 2
5 2 2 0 8
8 3 8 1 8 3 2 2 0 7
9 8 0 1
3 5 2 8 9 9 0 7
0 1 0 3
3 6 7 3 3 9 6 0 9
5 2 0 1
5 5 0 4
0 3 4 0 9
7 1 8 1 8 6 7 0 2
4 9 0 9
7 1 4 6 0 8
5 2 1 1 4 8 2 0 4
3 5 6 4 2 4 8 1 0 2
5 2 0 2
0 5 0 1
4 9 9 9 3 8 8 2 0 6
0 5 8 8 3 1 0 3
5 2 6 3 9 0 2
8 7 0 1
9 0 0 1
0 9 0 7
5 2 6 0 7
8 7 0 9
5 2 0 2
3 8 8 3 7 1 0 2
9 3 3 4 4 8 6 9 0 9
0 5 1 8 0 3
9 0 1 6 4 7 0 1
8 7 8 0 7
9 0 7 0 3
5 5 7 7 0 1
9 0 3 8 7 7 7 8 3 2 8 9 7 8 3 0 7
3 8 0 2
9 3 9 2 8 1 0 1
3 5 1 4 3 0 4
5 2 6 2 7 4 2 6 4 4 9 0 1
0 5 2 7 3 8 8 0 3
4 9 0 8
