15 15 30 60
2 11 M
0 11 M
2 9 M
4 14 M
13 11 M
0 2 M
4 13 M
6 6 M
4 2 M
12 3 M
14 3 W
1 13 W
7 9 W
5 0 W
8 2 W
9 1 W
10 0 W
8 0 W
1 1 W
9 14 W
6 7 F
0 9 F
13 8 F
6 13 F
2 2 F
6 14 F
3 3 F
14 4 F
12 10 F
5 7 F
7 0 A AR
14 13 A AR
0 13 A AR
12 8 A AR
4 6 A AR
1 1 A AR
10 3 A AR
7 5 A AR
7 7 A AR
1 0 A AR
11 10 A FT
6 0 A FT
10 2 A FT
0 8 A FT
8 7 A FT
13 13 A FT
2 10 A FT
5 4 A FT
1 13 A FT
13 12 A FT
14 11 A KN
4 5 A KN
11 2 A KN
4 3 A KN
6 14 A KN
12 7 A KN
9 0 A KN
5 3 A KN
7 10 A KN
0 0 A KN
3 14 B AR
2 7 B AR
13 6 B AR
4 11 B AR
8 11 B AR
10 5 B AR
3 4 B AR
0 14 B AR
2 13 B AR
14 3 B AR
9 11 B FT
2 2 B FT
6 7 B FT
8 9 B FT
1 14 B FT
6 4 B FT
8 13 B FT
10 10 B FT
3 6 B FT
10 1 B FT
6 8 B KN
11 8 B KN
11 4 B KN
7 1 B KN
13 3 B KN
11 0 B KN
2 9 B KN
1 6 B KN
4 1 B KN
11 3 B KN
11 4 0 2
13 13 9 2 2 8 0 9
10 1 4 0 9
12 8 6 0 2
13 3 4 0 8
9 0 0 8
8 11 8 7 7 8 7 9 0 1
7 7 8 9 9 4 1 8 8 4 6 8 0 1
6 7 4 0 4
4 5 0 3
3 4 9 2 0 3
10 3 9 8 3 4 9 4 3 0 4
13 3 0 4
7 0 9 7 1 6 4 3 8 0 1
3 14 0 3
14 13 9 2 0 2
3 4 6 0 4
14 11 8 0 6
6 7 7 7 8 0 7
6 14 9 0 2
3 4 3 7 0 9
12 8 0 8
2 2 3 1 7 0 9
13 13 4 9 7 6 7 2 0 3
13 3 0 6
12 7 9 4 0 7
8 13 4 8 0 3
10 3 7 0 2
8 9 0 4
6 14 0 8
11 4 4 0 4
10 3 0 9
10 5 6 0 4
7 7 8 1 7 0 8
0 14 8 3 6 7 7 8 2 0 7
13 12 0 8
6 4 3 3 0 1
0 8 1 8 3 0 1
3 14 6 0 3
4 6 0 4
0 14 8 0 8
0 0 3 0 4
11 8 4 6 2 0 8
14 13 0 1
11 8 0 7
2 10 8 0 3
1 14 0 4
0 8 0 1
2 7 0 3
14 11 6 0 7
4 1 3 9 2 8 6 1 3 7 8 4 0 8
0 8 9 4 0 4
4 11 4 4 7 3 3 9 9 4 0 3
1 0 1 0 7
3 4 0 8
13 13 2 0 9
8 9 7 0 4
0 13 7 6 0 4
6 4 3 3 0 8
4 5 7 9 3 9 9 0 4
2 9 2 2 6 2 4 8 0 7
4 5 0 1
2 9 6 8 4 2 1 8 0 8
13 12 1 2 0 9
2 7 4 2 6 4 0 9
7 7 0 3
6 14 4 0 8
1 0 0 7
10 5 4 0 7
7 10 1 2 8 0 3
10 10 0 7
4 6 0 2
11 0 6 9 8 7 8 0 9
6 13 1 8 4 3 0 1
6 4 3 3 6 3 2 0 2
0 0 6 4 2 2 2 0 8
11 0 6 3 0 2
4 6 2 1 2 7 4 4 1 4 9 0 4
4 1 9 0 9
7 10 3 3 0 3
0 14 0 2
0 8 0 9
10 10 7 7 0 3
7 10 0 8
6 4 8 9 4 8 6 2 4 2 2 4 3 7 4 3 1 6 2 9 2 7 8 0 6
13 13 6 1 4 7 4 1 2 3 6 0 4
8 11 9 9 4 6 2 1 0 7
14 11 6 0 4
3 14 8 8 2 4 0 6
4 5 1 8 4 4 4 6 0 2
10 5 2 0 6
4 5 8 0 6
2 2 0 2
7 0 0 7
7 1 8 0 4
6 0 0 1
6 8 7 6 8 8 2 2 2 4 0 4
11 10 3 6 2 1 9 1 0 9
6 8 2 6 7 9 1 3 0 2
0 13 2 6 6 0 4
10 5 0 1
10 2 0 1
6 4 0 4
10 2 0 9
2 2 3 0 8
0 8 0 9
7 1 8 2 2 0 3
11 10 3 0 8
0 14 9 1 9 0 3
13 13 1 9 0 7
0 14 8 9 8 2 9 9 2 0 6
14 11 9 0 3
10 10 0 8
8 7 4 7 2 8 9 0 6
13 3 4 1 3 1 2 0 4
0 8 0 4
6 8 0 8
4 5 1 8 4 8 9 1 4 9 0 4
4 11 9 0 2
10 2 6 2 7 3 9 0 1
6 4 9 7 1 3 0 9
0 0 0 7
13 3 8 8 8 8 0 7
2 10 6 3 0 3
0 14 7 2 3 1 7 8 0 7
4 5 9 0 1
6 8 6 1 9 3 1 0 6
0 13 9 0 2
10 5 3 3 2 3 0 1
13 13 8 0 3
0 14 8 0 2
2 10 9 4 2 0 7
11 4 8 7 0 3
0 13 9 8 1 2 8 7 1 1 2 2 2 0 3
8 13 0 9
10 2 1 4 8 1 0 8
13 3 0 9
7 7 0 8
1 14 4 2 2 1 2 3 2 8 2 4 6 6 4 8 0 6
6 0 6 9 0 7
3 14 0 7
0 0 3 7 0 2
2 7 2 7 1 6 2 2 0 9
0 13 4 2 2 0 9
8 13 0 2
0 13 4 7 3 2 7 9 8 0 4
10 10 9 6 4 7 4 1 7 0 3
7 7 7 6 4 8 2 2 0 6
7 7 0 9
9 0 6 1 4 0 6
2 10 6 4 9 1 9 7 0 8
9 0 4 8 8 0 6
7 1 7 8 0 9
8 7 0 7
8 11 6 0 7
8 7 3 6 4 0 8
7 1 9 0 1
7 10 1 8 4 2 0 2
8 11 0 8
0 8 0 6
11 4 7 8 8 0 7
14 11 4 0 3
2 2 3 0 4
7 10 3 0 3
2 7 9 9 9 0 9
4 5 6 9 9 3 0 7
8 11 0 2
14 11 2 9 2 9 9 3 7 6 0 1
8 11 1 4 1 0 9
6 13 7 1 0 3
6 4 1 3 0 1
4 10 2 6 3 2 1 0 8
7 7 8 3 0 2
0 13 8 7 2 0 8
6 4 4 1 6 8 0 9
0 8 8 9 0 2
11 8 2 8 4 3 3 7 1 7 0 2
7 8 0 1
8 13 0 9
3 14 9 9 1 2 0 9
8 9 1 1 4 3 1 0 7
4 10 3 3 3 3 2 2 7 9 0 9
2 2 7 1 0 3
0 8 1 4 6 7 9 8 1 0 8
10 10 2 4 2 4 6 8 3 6 0 2
0 13 6 6 3 2 1 9 0 7
4 1 2 9 1 4 9 9 8 0 3
10 2 0 8
2 14 4 0 6
7 8 6 3 0 9
11 8 0 7
0 8 3 0 1
4 1 4 0 7
4 3 9 7 0 7
1 14 3 9 3 0 4
8 7 9 8 0 2
2 14 1 8 9 9 0 3
8 7 3 7 0 9
6 8 0 2
0 0 4 7 0 3
8 13 6 0 8
4 3 0 2
8 13 8 3 3 0 1
14 11 0 4
11 8 8 0 2
10 2 0 9
4 1 6 0 7
6 4 3 0 2
4 11 0 2
9 0 1 0 2
6 8 2 6 6 0 3
9 0 4 0 9
0 14 8 0 8
7 8 2 8 7 4 0 1
5 5 4 2 8 1 0 3
0 0 4 6 2 4 8 0 7
2 7 1 4 0 1
0 0 4 6 0 9
2 7 9 0 8
6 13 4 9 3 9 2 8 3 3 7 1 0 4
8 11 0 6
10 2 8 4 2 0 7
11 8 0 3
0 0 7 0 1
8 9 8 6 0 6
8 7 7 0 9
2 9 0 9
0 13 0 9
11 8 6 1 4 3 7 0 9
10 2 6 0 8
1 14 1 4 0 2
4 3 4 7 9 1 4 7 6 4 4 0 9
5 5 1 3 3 9 8 2 0 8
13 13 4 8 7 8 0 6
5 5 8 1 2 2 3 1 0 4
9 0 9 3 6 0 6
4 11 1 0 8
0 13 6 7 2 2 8 9 9 3 0 3
11 0 1 4 0 9
7 8 9 3 3 1 7 1 8 0 2
6 8 1 2 4 0 8
0 0 6 0 3
2 9 0 8
7 10 7 1 0 1
2 7 9 7 6 0 8
0 13 3 0 3
7 1 3 3 8 9 3 2 3 9 0 9
6 13 9 1 0 9
11 8 8 3 0 7
6 13 1 0 4
1 14 8 1 6 8 4 9 8 0 6
4 10 1 2 6 2 8 2 9 2 9 4 9 0 3
11 0 8 0 2
0 13 9 9 3 9 6 6 6 3 0 2
8 9 0 3
4 3 1 2 3 3 9 6 0 3
13 3 7 9 1 6 7 2 6 7 4 9 7 0 1
0 13 3 1 4 3 0 6
8 11 4 3 3 0 4
8 7 2 3 7 9 0 6
8 11 6 2 2 2 7 3 0 4
0 13 0 3
5 5 0 8
0 13 3 7 2 6 6 0 8
0 13 6 7 8 7 0 7
6 13 4 0 4
10 10 4 4 0 2
2 13 2 6 2 4 4 4 0 2
2 7 6 6 3 0 7
2 13 4 6 0 4
7 1 3 0 2
8 7 3 7 4 1 3 6 3 7 3 1 2 0 6
2 9 0 2
13 13 9 0 3
8 11 0 1
2 13 3 0 8
8 11 8 8 1 6 6 0 8
2 13 0 9
1 14 9 4 0 8
2 13 1 3 0 7
1 14 2 2 0 9
2 13 4 0 2
7 1 6 0 4
2 13 0 9
8 11 7 3 9 3 7 7 0 2
2 13 9 1 0 6
10 10 0 3
2 13 3 1 3 1 6 7 0 4
8 11 4 4 0 8
13 13 8 2 7 3 4 1 0 9
7 1 0 9
5 5 3 0 8
10 10 1 0 3
2 13 0 4
7 1 0 7
4 10 0 6
2 7 2 4 0 3
2 13 2 3 0 6
10 10 0 4
0 8 3 7 0 2
