20 20 75 100
5 18 M
5 4 M
4 13 M
8 18 M
13 2 M
10 8 M
4 17 M
4 8 M
9 0 M
0 3 M
17 16 M
18 9 M
16 10 M
14 8 M
8 9 M
16 4 M
3 10 M
19 4 M
14 5 M
13 4 M
7 16 M
19 8 M
9 8 M
3 3 M
12 3 M
15 9 W
11 9 W
11 8 W
3 8 W
17 2 W
4 11 W
9 19 W
17 9 W
17 17 W
0 10 W
10 9 W
19 17 W
14 9 W
19 3 W
7 19 W
0 13 W
6 6 W
4 7 W
12 7 W
19 10 W
2 5 W
16 19 W
16 7 W
3 16 W
16 1 W
17 12 F
6 1 F
9 4 F
10 10 F
12 18 F
2 11 F
7 15 F
17 5 F
19 11 F
18 5 F
1 19 F
0 17 F
13 11 F
15 6 F
5 16 F
6 18 F
16 11 F
18 11 F
4 16 F
10 3 F
17 3 F
11 2 F
2 8 F
11 16 F
0 15 F
19 12 A AR
2 14 A AR
11 2 A AR
3 17 A AR
16 2 A AR
19 13 A AR
9 3 A AR
7 11 A AR
18 19 A AR
12 19 A AR
10 13 A AR
1 2 A AR
16 19 A AR
7 17 A AR
12 2 A AR
8 17 A AR
14 16 A AR
11 7 A AR
18 17 A AR
16 13 A AR
10 12 A FT
5 10 A FT
15 5 A FT
14 17 A FT
3 14 A FT
1 3 A FT
7 15 A FT
2 0 A FT
4 17 A FT
10 9 A FT
14 10 A FT
19 7 A FT
1 5 A FT
11 11 A FT
4 15 A FT
18 6 A FT
0 2 A FT
11 10 A FT
12 10 A FT
17 14 A FT
12 0 A KN
10 10 A KN
14 12 A KN
12 12 A KN
0 17 A KN
10 19 A KN
11 3 A KN
6 7 A KN
5 3 A KN
19 16 A KN
7 8 B AR
6 0 B AR
10 3 B AR
1 1 B AR
11 1 B AR
0 15 B AR
5 19 B AR
9 2 B AR
2 9 B AR
3 19 B AR
19 10 B AR
3 3 B AR
14 11 B AR
1 7 B AR
14 6 B AR
0 18 B AR
4 9 B AR
9 8 B AR
1 16 B AR
5 8 B AR
7 5 B FT
18 14 B FT
8 10 B FT
9 0 B FT
17 15 B FT
13 10 B FT
16 18 B FT
17 7 B FT
10 6 B FT
13 18 B FT
12 5 B FT
5 18 B FT
4 2 B FT
8 1 B FT
10 15 B FT
2 16 B FT
13 2 B FT
0 5 B FT
8 0 B FT
2 12 B FT
9 11 B KN
17 1 B KN
6 4 B KN
19 14 B KN
18 5 B KN
6 15 B KN
6 18 B KN
10 7 B KN
19 15 B KN
6 16 B KN
17 7 9 6 7 7 0 9
8 0 9 6 3 6 0 8
17 1 7 0 7
1 2 2 3 0 8
6 4 9 9 6 0 1
5 10 0 6
2 9 0 2
1 3 8 2 4 0 1
12 5 0 4
10 19 4 9 9 3 0 7
6 15 0 1
19 12 8 4 2 2 4 1 2 0 6
1 1 2 7 0 9
14 10 1 1 0 4
16 18 0 9
3 17 1 9 3 4 7 6 0 7
9 8 0 3
17 14 8 9 8 1 6 6 0 8
2 16 9 4 1 6 0 3
14 12 9 7 1 0 1
14 11 3 1 1 0 4
14 16 0 7
0 18 7 1 8 0 4
14 16 9 0 3
14 11 9 7 1 0 3
11 7 6 0 1
6 16 6 1 3 0 9
8 17 2 3 0 4
7 5 0 9
6 7 3 3 7 2 8 7 7 0 2
2 9 7 0 4
12 12 2 7 8 0 6
19 15 0 1
14 10 0 1
17 1 4 0 6
11 3 4 7 0 3
5 19 6 8 7 2 6 7 3 7 4 4 7 2 9 2 6 2 6 0 3
18 17 0 1
6 18 3 8 0 6
10 10 9 4 2 8 4 9 0 7
2 16 6 0 3
2 14 1 4 3 1 0 3
0 5 7 6 9 9 0 2
12 2 0 2
0 5 0 8
1 2 9 0 9
1 1 8 8 9 6 9 6 0 7
12 12 0 2
2 16 0 2
14 10 9 3 4 2 1 8 9 3 8 7 6 3 6 0 4
10 7 3 2 1 8 8 9 0 4
12 10 0 4
17 15 8 0 2
4 15 0 1
9 2 8 3 7 8 8 6 1 4 4 0 7
11 3 0 7
10 3 0 4
0 17 2 1 0 3
6 16 8 0 7
12 12 6 4 8 0 4
7 8 1 1 4 7 0 9
6 7 4 7 9 8 8 4 3 9 2 8 0 6
9 2 8 8 0 4
7 11 8 3 0 3
9 2 8 6 2 0 9
3 19 0 8
6 4 0 1
11 11 9 0 4
18 17 9 3 0 8
11 3 0 1
12 5 0 8
11 11 2 2 0 7
9 11 0 3
12 12 2 3 1 2 6 7 7 8 0 9
6 16 6 4 7 7 0 2
10 19 3 7 2 8 4 8 7 7 0 4
7 8 9 1 4 1 7 0 7
9 3 8 8 2 9 0 7
10 7 8 0 6
4 15 0 6
10 15 4 9 0 8
11 3 0 6
6 15 0 2
11 11 0 9
6 15 4 7 8 3 2 1 6 9 0 4
4 15 3 4 3 6 9 8 1 4 2 0 1
14 11 6 2 1 2 1 3 4 3 6 0 2
10 10 6 2 6 4 0 2
16 18 9 0 6
11 11 8 0 8
12 5 2 3 0 6
14 17 8 1 0 4
6 4 1 2 7 1 1 0 1
14 10 8 0 1
2 12 8 0 4
16 13 8 6 3 8 8 4 3 2 8 0 3
6 18 3 0 8
16 2 3 4 2 0 7
9 8 2 3 9 0 1
0 17 2 4 1 8 3 4 4 0 6
7 8 3 0 8
11 3 1 2 2 9 7 0 3
0 15 7 2 8 2 6 0 3
10 19 0 7
18 5 8 9 1 8 4 0 9
4 15 8 1 0 7
10 7 7 9 9 1 4 0 8
5 10 8 3 2 1 1 3 2 9 9 0 2
10 7 7 2 3 0 9
4 15 6 3 6 0 1
1 7 9 6 0 6
9 3 2 7 0 3
6 4 0 3
4 17 2 9 2 8 0 9
6 18 6 4 3 1 8 0 8
1 2 1 2 9 0 3
6 15 1 6 6 0 3
6 7 6 3 4 3 7 3 8 4 6 2 0 1
1 1 0 3
2 0 7 8 0 4
6 18 6 1 2 0 1
11 3 8 1 8 2 3 9 4 8 8 9 0 7
5 8 4 9 9 9 3 9 2 9 2 1 1 7 0 6
14 12 8 3 0 8
10 7 2 2 2 0 7
4 15 4 0 4
13 2 9 8 6 6 8 0 7
14 17 6 0 3
4 2 4 2 4 0 4
4 17 9 1 3 7 2 7 3 1 2 7 4 0 9
9 2 8 2 2 2 8 9 0 6
14 12 9 9 9 9 7 7 0 9
8 4 4 6 4 2 0 9
11 2 1 4 3 1 8 7 8 1 6 3 6 6 7 8 3 6 3 7 0 9
16 18 0 8
19 13 9 0 3
2 9 0 9
10 10 2 2 2 4 0 9
0 5 1 3 1 0 2
14 10 9 3 9 7 2 6 0 7
2 12 6 0 2
7 11 6 0 2
1 1 4 3 0 7
11 2 0 7
8 10 1 8 8 8 0 6
2 14 0 7
0 15 8 7 6 0 1
6 7 8 1 0 4
9 11 6 8 0 7
6 7 1 1 8 1 9 3 4 6 6 0 2
1 1 7 0 8
12 0 6 7 0 9
6 0 0 4
1 3 9 4 8 3 3 4 8 8 6 0 8
17 7 0 2
18 6 8 4 7 0 7
0 15 1 9 2 8 4 3 0 3
19 16 4 1 3 4 0 3
17 14 0 1
18 19 0 7
4 2 0 3
19 13 6 9 1 1 8 8 7 8 9 3 0 8
13 10 9 0 2
0 17 8 6 6 6 9 7 0 3
2 0 3 8 2 0 1
19 12 0 9
17 7 7 6 4 9 8 4 2 2 7 4 6 1 8 9 4 2 2 9 8 0 1
12 0 3 0 1
10 3 7 0 7
10 12 0 2
2 9 0 9
1 2 0 1
2 9 9 0 7
2 14 0 4
8 4 0 9
14 17 0 6
9 11 4 1 4 4 1 8 9 0 9
14 17 6 8 2 3 4 8 9 1 9 0 3
8 10 4 8 9 0 8
19 7 4 6 7 8 3 0 7
7 8 6 3 1 1 8 6 6 8 0 4
12 0 0 2
17 1 2 9 1 1 1 0 7
17 14 2 4 7 7 0 8
2 16 1 2 0 6
2 14 1 0 4
8 1 0 7
19 16 2 3 7 2 0 9
6 4 0 6
7 11 4 0 2
2 16 0 1
8 17 0 8
18 5 0 8
14 17 3 2 1 0 1
4 9 1 6 9 1 8 0 8
11 2 0 8
11 3 3 0 1
18 6 7 7 1 4 9 7 3 2 7 9 9 2 6 0 3
4 2 1 1 6 0 6
16 2 0 8
18 5 0 1
2 14 0 2
8 10 8 3 8 3 0 7
6 7 0 4
17 1 0 2
14 12 6 7 1 3 2 3 7 8 0 1
0 15 7 4 2 7 6 0 4
4 17 0 7
9 2 6 8 1 0 8
12 19 4 7 6 0 6
12 5 0 3
19 13 0 3
2 9 4 1 1 6 9 3 0 8
2 14 7 6 3 4 8 2 7 0 4
10 15 6 7 4 7 0 6
10 4 7 2 6 1 6 0 9
14 6 6 0 3
16 2 0 8
16 18 7 9 1 8 0 4
1 3 2 1 8 2 0 3
6 18 6 1 4 1 8 6 0 6
1 2 3 0 9
6 15 7 8 0 1
12 0 0 7
14 11 0 7
16 2 3 4 3 4 8 6 8 0 2
2 9 8 1 0 8
10 19 0 4
19 15 0 3
1 3 4 6 6 1 3 4 6 1 9 1 1 2 0 1
10 15 8 0 3
3 17 7 8 3 4 8 0 7
8 10 2 0 7
18 19 0 1
6 15 0 6
1 1 3 4 8 2 0 1
1 1 1 1 7 3 2 2 3 7 7 7 3 9 8 9 0 6
19 13 8 0 8
16 18 0 3
6 7 7 8 0 9
13 10 3 0 7
17 14 0 6
14 11 6 3 8 6 2 4 1 3 0 4
19 7 6 3 9 9 1 6 2 2 4 0 6
19 15 8 7 0 3
12 0 2 0 2
16 18 3 9 1 0 7
0 17 4 2 6 0 9
6 4 7 1 9 0 3
19 12 9 3 1 2 1 0 4
6 4 6 1 8 0 7
6 7 1 0 4
14 6 2 0 2
18 19 0 1
2 9 7 8 6 1 0 8
15 5 0 2
2 9 6 6 4 6 4 8 6 7 4 2 0 6
18 6 0 6
10 7 2 0 1
12 5 2 8 9 0 3
6 4 9 0 7
10 4 2 0 2
19 15 3 3 6 4 7 7 1 9 3 2 2 1 7 6 6 0 6
14 17 0 3
19 15 2 0 7
3 17 6 2 0 1
3 19 0 2
12 0 0 1
9 11 9 8 1 8 0 7
14 17 4 6 0 3
6 18 8 4 6 7 4 1 1 6 9 2 3 3 6 0 3
6 7 8 4 3 9 0 8
6 4 0 1
19 13 3 2 9 7 4 4 6 6 0 1
10 7 2 0 6
1 1 0 8
8 10 0 4
6 7 7 0 4
6 4 1 9 6 7 8 4 6 2 7 2 0 4
6 7 7 2 0 9
8 4 7 1 2 4 0 6
1 1 9 6 3 0 6
10 3 7 6 0 9
10 4 9 6 0 9
14 6 8 1 2 6 8 7 4 8 2 0 4
19 12 9 1 0 7
0 15 0 6
18 6 1 3 0 3
8 10 1 8 3 6 1 1 2 4 6 4 9 4 9 6 1 8 0 3
14 10 3 0 3
10 3 0 9
10 4 2 0 6
10 15 2 0 8
14 12 6 4 1 8 0 3
10 3 4 4 2 2 6 0 3
18 19 6 4 9 1 8 3 0 4
6 0 9 0 3
6 7 3 1 2 0 9
19 12 0 1
14 12 6 7 8 0 2
18 5 3 0 7
14 12 0 8
3 19 0 1
12 0 0 8
8 4 2 4 4 2 4 0 9
14 17 0 6
6 0 8 0 3
6 7 0 3
13 10 1 0 7
14 10 8 4 2 8 1 3 4 8 8 9 8 4 8 1 7 0 6
17 1 9 8 0 9
10 4 0 3
9 11 2 6 7 8 7 9 0 4
2 14 8 9 7 3 0 1
2 16 1 8 8 1 7 8 0 6
14 17 2 7 1 9 9 0 2
6 4 0 4
10 19 1 0 6
10 15 7 0 2
14 12 0 3
9 11 3 4 0 3
19 7 0 1
19 15 1 4 6 3 7 1 0 8
6 7 9 3 9 1 0 7
6 0 3 0 9
6 7 8 9 2 8 6 3 2 1 0 8
8 4 4 0 8
10 19 3 3 6 0 7
6 15 4 7 9 0 1
2 14 0 1
0 5 0 7
18 19 3 0 9
10 15 0 2
6 7 6 8 1 0 9
6 0 1 0 4
6 7 8 4 6 0 3
13 10 0 2
15 5 8 0 3
19 15 2 8 6 0 9
14 17 4 7 0 7
9 11 1 1 6 7 1 4 0 3
4 15 1 3 8 0 8
2 16 4 7 1 0 4
10 4 0 1
6 4 8 2 7 6 1 8 4 8 7 8 3 9 0 2
4 17 0 6
8 10 7 7 9 4 3 9 3 8 4 1 3 7 3 9 1 6 4 0 3
18 19 2 2 8 8 1 9 0 7
6 15 1 0 7
12 0 7 0 1
8 4 2 0 4
14 12 0 2
8 1 6 2 7 4 4 9 2 4 4 6 6 1 0 8
3 17 6 6 3 4 3 0 9
8 4 0 2
19 7 0 2
16 18 0 9
14 12 2 9 9 0 9
6 4 1 4 9 4 0 1
14 12 8 3 1 4 0 9
19 15 0 6
10 4 3 8 9 0 6
2 16 0 2
1 7 1 7 2 0 4
2 9 0 3
9 11 0 9
2 9 3 6 7 0 8
19 12 2 2 1 8 0 3
3 19 0 9
8 17 0 8
6 0 6 0 7
15 5 6 3 4 9 1 6 0 9
6 0 1 1 4 7 2 0 1
18 19 1 7 2 4 4 2 0 2
0 5 9 4 0 6
4 15 8 8 0 2
10 7 4 9 0 4
14 10 6 9 6 2 4 1 3 3 8 9 2 1 7 2 4 2 3 7 0 4
18 5 0 7
10 19 9 0 6
1 1 7 6 7 0 4
19 7 6 0 3
13 10 0 8
4 15 2 6 0 2
1 1 2 4 6 6 3 0 2
6 7 0 6
13 6 7 0 1
16 2 3 2 8 2 0 8
6 15 0 6
15 5 4 2 2 1 0 2
13 6 3 8 8 6 9 8 0 2
4 15 2 0 7
10 7 3 0 1
19 7 9 3 6 0 3
17 1 6 8 4 4 3 0 7
10 4 1 0 3
10 3 1 0 2
2 14 1 3 1 0 8
9 2 7 7 4 0 2
15 5 0 1
10 15 3 1 3 2 3 4 0 2
6 7 0 7
19 15 4 4 0 9
10 19 0 9
17 1 0 8
10 4 7 7 8 9 6 4 8 3 2 4 9 0 8
6 0 2 9 4 2 7 0 7
4 15 0 8
9 11 0 9
14 12 9 4 9 7 4 0 4
3 19 1 8 7 8 2 6 9 8 0 3
6 7 6 0 8
8 4 0 3
16 2 1 4 2 8 6 0 3
3 19 8 7 2 0 3
10 4 0 1
17 1 0 9
2 14 0 3
6 18 9 4 0 1
1 1 3 1 9 0 9
18 5 3 8 4 0 9
15 5 0 9
19 15 7 7 0 3
3 17 4 6 8 7 0 7
16 18 7 9 9 3 3 0 7
10 19 6 3 6 0 2
10 19 0 2
8 17 0 8
9 11 6 0 7
19 7 0 8
13 6 1 4 0 3
10 13 6 8 2 4 0 6
18 5 3 1 7 2 6 9 3 1 0 9
6 7 7 4 0 7
6 4 6 6 6 8 6 6 2 0 6
8 17 0 6
1 1 7 8 1 3 3 7 8 0 2
6 7 6 8 4 1 2 1 7 0 7
13 10 7 8 3 3 1 8 1 4 6 0 8
10 13 9 1 8 0 7
10 7 0 2
6 7 2 4 9 6 9 1 2 2 4 3 4 1 0 9
13 10 0 8
10 4 9 0 7
0 5 1 8 0 4
4 17 0 7
9 11 4 9 1 9 2 8 7 3 0 8
10 4 7 4 8 0 4
0 15 8 2 6 8 7 2 3 9 0 2
19 7 0 9
9 11 6 0 6
2 14 9 2 0 9
6 15 9 4 0 7
4 15 1 3 0 9
9 11 3 8 9 2 1 8 0 2
19 7 7 4 0 7
6 18 2 6 0 4
1 1 0 4
13 6 3 0 8
4 15 4 1 9 8 7 0 2
1 1 3 1 6 0 9
18 19 1 0 3
8 1 0 2
18 19 1 7 2 0 9
9 2 6 3 7 2 1 9 6 2 8 7 0 1
4 17 7 2 2 3 7 6 1 8 8 3 6 9 9 6 4 3 2 3 0 8
8 10 9 0 2
10 4 3 8 9 9 7 0 2
0 5 3 0 6
18 19 6 8 8 8 9 1 6 3 7 2 0 4
6 15 9 7 3 0 7
19 7 3 8 0 9
8 1 9 3 7 0 2
1 1 7 6 7 0 4
10 7 0 2
8 17 4 2 3 4 3 1 0 8
9 2 7 8 8 3 1 2 8 8 4 0 1
10 4 0 7
10 4 7 0 4
19 7 7 4 1 3 4 2 0 3
0 5 0 9
1 1 0 2
0 5 3 4 0 1
12 0 1 6 0 4
13 10 0 4
1 1 6 0 9
0 15 8 6 6 0 3
10 13 0 3
9 2 1 9 0 6
4 17 0 2
17 1 9 6 0 6
11 3 4 0 9
6 18 3 4 0 6
10 19 7 3 8 1 1 7 1 3 3 0 7
17 1 0 3
1 1 9 0 8
8 10 8 9 4 4 4 8 8 1 9 9 1 7 0 2
14 17 4 7 4 2 2 1 1 7 0 8
18 5 8 0 6
8 17 8 3 4 6 4 7 3 0 9
