20 6 45 40
0 1 W
0 3 W
0 5 W
1 1 M
1 3 M
1 5 M
2 1 W
2 3 W
2 5 W
3 1 M
3 3 M
3 5 M
4 1 W
4 3 W
4 5 W
5 1 M
5 3 M
5 5 M
6 1 W
6 3 W
6 5 W
7 1 M
7 3 M
7 5 M
8 1 W
8 3 W
8 5 W
9 1 M
9 3 M
9 5 M
10 1 F
10 3 F
10 5 F
12 1 F
12 3 F
12 5 F
14 1 F
14 3 F
14 5 F
16 1 F
16 3 F
16 5 F
18 1 F
18 3 F
18 5 F
0 2 A AR
0 4 B AR
1 2 A AR
1 4 B AR
2 2 A AR
2 4 B AR
3 2 A AR
3 4 B AR
4 2 A AR
4 4 B AR
5 2 A AR
5 4 B AR
6 2 A AR
6 4 B AR
7 2 A AR
7 4 B AR
8 2 A AR
8 4 B AR
9 2 A AR
9 4 B AR
10 2 A AR
10 4 B AR
11 2 A AR
11 4 B AR
12 2 A AR
12 4 B AR
13 2 A AR
13 4 B AR
14 2 A AR
14 4 B AR
15 2 A AR
15 4 B AR
16 2 A AR
16 4 B AR
17 2 A AR
17 4 B AR
18 2 A AR
18 4 B AR
19 2 A AR
19 4 B AR
0 2 0 6
0 2 0 6
1 2 0 6
1 2 0 6
2 2 0 6
2 2 0 6
3 2 0 6
3 2 0 6
4 2 0 6
4 2 0 6
5 2 0 6
5 2 0 6
6 2 0 6
6 2 0 6
7 2 0 6
7 2 0 6
8 2 0 6
8 2 0 6
9 2 0 6
9 2 0 6
10 2 0 6
10 2 0 6
11 2 0 6
11 2 0 6
12 2 0 6
12 2 0 6
13 2 0 6
13 2 0 6
14 2 0 6
14 2 0 6
15 2 0 6
15 2 0 6
16 2 0 6
16 2 0 6
17 2 0 6
17 2 0 6
18 2 0 6
18 2 0 6
19 2 0 6
19 2 0 6
3 2 0 3
3 2 0 3
5 2 0 3
5 2 0 3
7 2 0 3
7 2 0 3
9 2 0 3
9 2 0 3
11 2 0 3
11 2 0 3
