7 5 12 2
1 0 M
1 1 M
1 2 M
1 3 M
3 1 M
3 2 M
3 3 M
3 4 M
5 0 M
5 1 M
5 2 M
5 3 M
0 0 B AR
0 1 A KN
0 1 6 0 4
0 0 6 0 6
0 2 6 0 4
0 1 6 0 6
0 3 6 0 4
0 2 6 0 6
0 4 8 0 2
0 3 6 0 8
1 4 8 0 2
0 4 8 0 8
2 4 4 0 6
1 4 8 0 4
2 3 4 0 6
2 4 4 0 4
2 2 4 0 6
2 3 4 0 4
2 1 4 0 6
2 2 4 0 4
2 0 8 0 2
2 1 4 0 8
3 0 8 0 2
2 0 8 0 8
4 0 6 0 4
3 0 8 0 6
4 1 6 0 4
4 0 6 0 6
4 2 6 0 4
4 1 6 0 6
4 3 6 0 4
4 2 6 0 6
4 4 8 0 2
4 3 6 0 8
5 4 8 0 2
4 4 8 0 4
6 4 4 0 6
5 4 8 0 4
6 3 4 0 6
6 4 4 0 4
6 2 4 0 6
6 3 4 0 4
6 1 4 0 6
6 2 4 0 4
6 0 4 0 6
