19 15 71 18
1 0 F
1 12 W
2 1 F
2 8 M
2 9 M
2 11 M
3 2 M
3 13 F
4 3 F
4 6 F
4 8 W
4 9 W
4 10 W
4 11 W
4 13 F
5 6 F
5 13 F
6 4 M
6 10 W
6 11 W
6 13 F
7 5 F
7 6 F
7 10 F
7 11 F
7 14 M
8 7 F
8 10 W
8 11 W
8 12 F
8 13 F
9 0 M
9 1 M
9 2 F
9 3 F
9 4 W
9 5 W
9 6 F
9 7 F
9 8 W
9 9 W
9 14 W
11 8 M
11 12 F
12 1 M
12 2 M
12 3 M
12 4 M
12 9 M
12 12 F
12 14 F
13 6 W
13 10 M
13 11 F
14 5 W
14 10 F
14 11 M
15 1 F
15 4 W
15 7 W
15 9 F
15 12 M
16 1 F
16 3 W
16 4 F
16 6 W
16 7 W
16 8 F
17 1 F
18 10 M
18 12 W
18 8 A KN
16 13 A KN
11 7 A MG
0 8 A KN
6 1 A MG
5 2 A FT
8 5 A AR
10 6 A MG
0 14 A AR
1 1 B MG
3 5 B KN
16 5 B KN
5 9 B KN
3 11 B FT
10 11 B MG
17 14 B AR
11 1 B MG
6 8 B AR
11 7 10 4 1
10 11 4 10 4 1 
6 1 6 6 10 6 2
1 1 2 10 6 1 
11 7 2 10 6 1
17 14 8 4 0 2
18 8 2 6 6 6 6 6 0 8
0 1 10 6 1 
6 3 2 6 10 2 2
18 13 6 2 0 4
5 4 6 10 6 2
0 1 9 8 10 8 2
5 5 10 2 1 
16 5 4 3 3 3 3 3 3
10 7 10 8 1
17 14 1 4 1 1
5 5 2 2 10  6 1
2 2 10 6 2
8 5 4 4  1 1 1 1 
15 11 3 1
10 7 8 9 10 8 1
2 2 7 7
7 2 4 4 2 0 2 