20 20 29 20
0 0 W
1 7 F 
2 19 M 
3 17 F 
4 7 F
4 8 F 
4 9 F 
4 15 M
5 1 W 
5 2 W 
5 3 W 
5 4 F
19 19 M
10 10 F
11 5 F 
11 10 F 
11 15 F 
11 19 F 
12 2 M
12 7 M 
12 12 M
12 17 M
5 5 W
7 9 F 
7 10 W 
8 10 W
17 13 W
17 16 F
18 1 M
0 1 A KN
0 2 B FT
19 18 A KN
19 17 B FT
1 8 A FT 
1 9 A FT
13 3 A FT 
13 6 B KN 
14 12 A FT 
14 13 B FT  
2 18 A FT 
16 18 B KN 
16 17 B KN 
16 15 B KN 
13 12 B FT 
13 18 B FT 
7 15 A FT 
7 7 A FT 
10 10 A FT 
10 11 B KN
14 12 6 2 3 1 3 6 6 6 9 6
13 18 1 4 1 4 1 2 1 4 4 4 1
13 3 1 4 4 4 3 1 3
10 11 4 7 9 9 8 6 9 6
12 16 1 4 6 6 6 6 6 6 6 
0 2 7 7 7 9 9 9
